caffe下图片测试结果
15 866 451 1248 914
15 985 313 1079 457
15 604 320 688 450
15 303 430 626 877
15 798 309 887 453
15 1230 422 1438 803
15 6 353 159 580
15 622 376 842 766
15 1405 377 1516 685
15 242 353 341 477
15 121 405 279 628
15 454 340 587 483
15 1029 488 1266 850
15 276 410 432 693
15 1090 364 1186 474

tensorrt下图片测试结果
15         0.981607        865      450        1247        913
15         0.97986        985      312        1078        457
15         0.977533        603      320        687        450
15         0.975708        303      429        625        877
15         0.966832        797      309        887        452
15         0.966728        1230      421        1437        803
15         0.965381        5      353        159        580
15         0.962278        621      376        841        765
15         0.938732        1404      376        1516        685
15         0.935684        242      352        340        477
15         0.928631        120      404        278        628
15         0.883119        453      339        587        483
15         0.855256        1029      487        1266        850
15         0.829455        276      409        431        692
15         0.802931        1090      363        1186        473
